"Strain"	"DayP"	"DensP"	"DensPLSD"	"DensPUSD"	"DensPLCI"	"DensPUCI"	"Model"
"CR1"	0	3.9856	3.6205	4.3506	3.18848	4.78272	"Mortality"
"CR1"	0.1	4.4761	4.1077	4.8446	3.58088	5.37132	"Mortality"
"CR1"	0.2	4.976	4.6089	5.343	3.9808	5.9712	"Mortality"
"CR1"	0.3	5.4791	5.1182	5.84	4.38328	6.57492	"Mortality"
"CR1"	0.4	5.9795	5.6291	6.33	4.7836	7.1754	"Mortality"
"CR1"	0.5	6.4716	6.1355	6.8077	5.17728	7.76592	"Mortality"
"CR1"	0.6	6.95	6.6317	7.2683	5.5752	8.3156	"Mortality"
"CR1"	0.7	7.4097	7.112	7.7074	6.1223	8.6858	"Mortality"
"CR1"	0.8	7.8464	7.5716	8.1213	6.6564	9.0236	"Mortality"
"CR1"	0.9	8.2565	8.0062	8.5068	7.1711	9.3279	"Mortality"
"CR1"	1	8.6368	8.412	8.8615	7.6608	9.5979	"Mortality"
"CR1"	1.1	8.9848	8.7862	9.1835	8.1209	9.8337	"Mortality"
"CR1"	1.2	9.2988	9.1263	9.4713	8.5472	10.0353	"Mortality"
"CR1"	1.3	9.5775	9.4308	9.7243	8.9366	10.2037	"Mortality"
"CR1"	1.4	9.8204	9.6985	9.9422	9.2869	10.3396	"Mortality"
"CR1"	1.5	10.0271	9.9292	10.1251	9.5964	10.4443	"Mortality"
"CR1"	1.6	10.1982	10.1227	10.2737	9.8644	10.5194	"Mortality"
"CR1"	1.7	10.3342	10.2796	10.3889	10.0903	10.5666	"Mortality"
"CR1"	1.8	10.4363	10.4006	10.472	10.274	10.5882	"Mortality"
"CR1"	1.9	10.5058	10.4865	10.5251	10.4134	10.589	"Mortality"
"CR1"	2	10.5443	10.5343	10.5542	10.4907	10.5897	"Mortality"
"CR1"	2.1	10.5534	10.5363	10.5705	10.4735	10.6263	"Mortality"
"CR1"	2.2	10.5351	10.5067	10.5634	10.4088	10.6556	"Mortality"
"CR1"	2.3	10.4913	10.4523	10.5303	10.3204	10.6574	"Mortality"
"CR1"	2.4	10.424	10.3755	10.4724	10.2132	10.631	"Mortality"
"CR1"	2.5	10.3352	10.2785	10.3918	10.0896	10.578	"Mortality"
"CR1"	2.6	10.2268	10.163	10.2906	9.9512	10.5007	"Mortality"
"CR1"	2.7	10.101	10.031	10.1709	9.7994	10.4016	"Mortality"
"CR1"	2.8	9.9594	9.8842	10.0347	9.6355	10.2832	"Mortality"
"CR1"	2.9	9.8041	9.7243	9.8839	9.4607	10.148	"Mortality"
"CR1"	3	9.6366	9.5528	9.7204	9.2762	9.9982	"Mortality"
"CR1"	3.1	9.4587	9.3713	9.5461	9.0831	9.8361	"Mortality"
"CR1"	3.2	9.2719	9.1812	9.3626	8.8823	9.6638	"Mortality"
"CR1"	3.3	9.0777	8.9838	9.1715	8.6749	9.4832	"Mortality"
"CR1"	3.4	8.8773	8.7804	8.9741	8.4618	9.296	"Mortality"
"CR1"	3.5	8.6721	8.5723	8.7719	8.244	9.1038	"Mortality"
"CR1"	3.6	8.4631	8.3603	8.5659	8.0224	8.9079	"Mortality"
"CR1"	3.7	8.2515	8.1457	8.3574	7.798	8.7094	"Mortality"
"CR1"	3.8	8.0382	7.9293	8.1471	7.5716	8.5096	"Mortality"
"CR1"	3.9	7.8241	7.712	7.9361	7.344	8.3091	"Mortality"
"CR1"	4	7.6098	7.4946	7.7251	7.1162	8.1087	"Mortality"
"CR1"	4.1	7.3962	7.2777	7.5147	6.8888	7.9091	"Mortality"
"CR1"	4.2	7.1838	7.0621	7.3055	6.6625	7.7108	"Mortality"
"CR1"	4.3	6.9732	6.8482	7.0981	6.4381	7.5142	"Mortality"
"CR1"	4.4	6.7648	6.6367	6.893	6.2161	7.3197	"Mortality"
"CR1"	4.5	6.5592	6.4279	6.6904	5.9971	7.1276	"Mortality"
"CR1"	4.6	6.3565	6.2222	6.4909	5.7816	6.9382	"Mortality"
"CR1"	4.7	6.1573	6.02	6.2945	5.5698	6.7516	"Mortality"
"CR1"	4.8	5.9617	5.8216	6.1017	5.3623	6.5681	"Mortality"
"CR1"	4.9	5.7699	5.6272	5.9125	5.1593	6.3877	"Mortality"
"CR1"	5	5.5821	5.437	5.7272	4.961	6.2107	"Mortality"
"CR2"	0	3.849	3.0792	4.6188	3.0792	4.6188	"Mortality"
"CR2"	0.1	4.2891	3.43128	5.14692	3.43128	5.14692	"Mortality"
"CR2"	0.2	4.7432	3.79456	5.69184	3.79456	5.69184	"Mortality"
"CR2"	0.3	5.2078	4.16624	6.24936	4.16624	6.24936	"Mortality"
"CR2"	0.4	5.6791	4.54328	6.81492	4.54328	6.81492	"Mortality"
"CR2"	0.5	6.1534	4.92272	7.38408	4.92272	7.38408	"Mortality"
"CR2"	0.6	6.6269	5.30152	7.95228	5.30152	7.95228	"Mortality"
"CR2"	0.7	7.0962	5.67696	8.51544	5.67696	8.51544	"Mortality"
"CR2"	0.8	7.5575	6.046	9.069	6.046	9.069	"Mortality"
"CR2"	0.9	8.0078	6.40624	9.60936	6.40624	9.60936	"Mortality"
"CR2"	1	8.4441	6.75528	10.13292	6.75528	10.13292	"Mortality"
"CR2"	1.1	8.8635	7.0908	10.6362	7.0908	10.6362	"Mortality"
"CR2"	1.2	9.2637	7.41096	11.11644	7.41096	11.11644	"Mortality"
"CR2"	1.3	9.6427	7.71416	11.57124	7.71416	11.57124	"Mortality"
"CR2"	1.4	9.9986	7.99888	11.99832	7.99888	11.99832	"Mortality"
"CR2"	1.5	10.33	8.264	12.396	8.264	12.396	"Mortality"
"CR2"	1.6	10.6358	8.50864	12.76296	8.50864	12.76296	"Mortality"
"CR2"	1.7	10.9152	8.73216	13.09824	8.73216	13.09824	"Mortality"
"CR2"	1.8	11.1677	8.93416	13.40124	8.93416	13.40124	"Mortality"
"CR2"	1.9	11.393	9.4105	13.3755	9.1144	13.6716	"Mortality"
"CR2"	2	11.5912	9.9385	13.2438	9.27296	13.90944	"Mortality"
"CR2"	2.1	11.7623	10.4207	13.1039	9.40984	14.11476	"Mortality"
"CR2"	2.2	11.9069	10.8557	12.9581	9.52552	14.28828	"Mortality"
"CR2"	2.3	12.0256	11.2428	12.8083	9.62048	14.43072	"Mortality"
"CR2"	2.4	12.119	11.5808	12.6571	9.6952	14.5428	"Mortality"
"CR2"	2.5	12.188	11.8667	12.5093	9.7504	14.6256	"Mortality"
"CR2"	2.6	12.2337	12.0793	12.3881	9.78696	14.68044	"Mortality"
"CR2"	2.7	12.257	12.0988	12.4152	9.8056	14.7084	"Mortality"
"CR2"	2.8	12.2591	11.9689	12.5493	9.80728	14.71092	"Mortality"
"CR2"	2.9	12.2412	11.8137	12.6687	9.79296	14.68944	"Mortality"
"CR2"	3	12.2044	11.6513	12.7575	9.76352	14.64528	"Mortality"
"CR2"	3.1	12.1499	11.4845	12.8153	9.71992	14.57988	"Mortality"
"CR2"	3.2	12.079	11.3137	12.8443	9.6632	14.4948	"Mortality"
"CR2"	3.3	11.9929	11.1386	12.8472	9.59432	14.39148	"Mortality"
"CR2"	3.4	11.8927	10.9584	12.827	9.51416	14.27124	"Mortality"
"CR2"	3.5	11.7797	10.7724	12.787	9.42376	14.13564	"Mortality"
"CR2"	3.6	11.6549	10.5797	12.7302	9.32392	13.98588	"Mortality"
"CR2"	3.7	11.5195	10.3795	12.6595	9.2156	13.8234	"Mortality"
"CR2"	3.8	11.3745	10.1713	12.5778	9.0996	13.6494	"Mortality"
"CR2"	3.9	11.221	9.9545	12.4874	8.9768	13.4652	"Mortality"
"CR2"	4	11.0598	9.7289	12.3907	8.84784	13.27176	"Mortality"
"CR2"	4.1	10.892	9.4946	12.2894	8.7136	13.0704	"Mortality"
"CR2"	4.2	10.7183	9.2516	12.1849	8.57464	12.86196	"Mortality"
"CR2"	4.3	10.5396	9.0006	12.0786	8.43168	12.64752	"Mortality"
"CR2"	4.4	10.3567	8.7422	11.9712	8.28536	12.42804	"Mortality"
"CR2"	4.5	10.1703	8.4772	11.8633	8.13624	12.20436	"Mortality"
"CR2"	4.6	9.981	8.2065	11.7554	7.9848	11.9772	"Mortality"
"CR2"	4.7	9.7895	7.9312	11.6477	7.8316	11.7474	"Mortality"
"CR2"	4.8	9.5963	7.67704	11.51556	7.67704	11.51556	"Mortality"
"CR2"	4.9	9.402	7.5216	11.2824	7.5216	11.2824	"Mortality"
"CR2"	5	9.2071	7.36568	11.04852	7.36568	11.04852	"Mortality"
"CR3"	0	3.8152	3.05216	4.57824	3.05216	4.57824	"Mortality"
"CR3"	0.1	4.2239	3.37912	5.06868	3.37912	5.06868	"Mortality"
"CR3"	0.2	4.6462	3.71696	5.57544	3.71696	5.57544	"Mortality"
"CR3"	0.3	5.0792	4.06336	6.09504	4.06336	6.09504	"Mortality"
"CR3"	0.4	5.5201	4.41608	6.62412	4.41608	6.62412	"Mortality"
"CR3"	0.5	5.9657	4.77256	7.15884	4.77256	7.15884	"Mortality"
"CR3"	0.6	6.4128	5.13024	7.69536	5.13024	7.69536	"Mortality"
"CR3"	0.7	6.8584	5.48672	8.23008	5.48672	8.23008	"Mortality"
"CR3"	0.8	7.2993	5.83944	8.75916	5.83944	8.75916	"Mortality"
"CR3"	0.9	7.7325	6.186	9.279	6.186	9.279	"Mortality"
"CR3"	1	8.1552	6.52416	9.78624	6.52416	9.78624	"Mortality"
"CR3"	1.1	8.5647	6.85176	10.27764	6.85176	10.27764	"Mortality"
"CR3"	1.2	8.9587	7.16696	10.75044	7.16696	10.75044	"Mortality"
"CR3"	1.3	9.3348	7.46784	11.20176	7.46784	11.20176	"Mortality"
"CR3"	1.4	9.691	7.7528	11.6292	7.7528	11.6292	"Mortality"
"CR3"	1.5	10.0258	8.1237	11.9279	8.02064	12.03096	"Mortality"
"CR3"	1.6	10.3375	8.6258	12.0493	8.27	12.405	"Mortality"
"CR3"	1.7	10.6251	9.1039	12.1463	8.50008	12.75012	"Mortality"
"CR3"	1.8	10.8876	9.5551	12.2201	8.71008	13.06512	"Mortality"
"CR3"	1.9	11.1243	9.9768	12.2718	8.89944	13.34916	"Mortality"
"CR3"	2	11.3348	10.3668	12.3028	9.06784	13.60176	"Mortality"
"CR3"	2.1	11.5189	10.7235	12.3143	9.21512	13.82268	"Mortality"
"CR3"	2.2	11.6766	11.0453	12.3078	9.34128	14.01192	"Mortality"
"CR3"	2.3	11.8081	11.331	12.2852	9.44648	14.16972	"Mortality"
"CR3"	2.4	11.9138	11.5786	12.2491	9.53104	14.29656	"Mortality"
"CR3"	2.5	11.9943	11.7832	12.2054	9.59544	14.0538	"Mortality"
"CR3"	2.6	12.0503	11.9237	12.1769	9.6513	13.8004	"Mortality"
"CR3"	2.7	12.0825	11.9449	12.2201	9.9257	13.6595	"Mortality"
"CR3"	2.8	12.0919	11.8773	12.3064	10.0299	13.6434	"Mortality"
"CR3"	2.9	12.0795	11.778	12.3809	9.9823	13.7347	"Mortality"
"CR3"	3	12.0463	11.6618	12.4308	9.8236	13.8942	"Mortality"
"CR3"	3.1	11.9935	11.5327	12.4542	9.595	14.0824	"Mortality"
"CR3"	3.2	11.9222	11.3926	12.4518	9.53776	14.2709	"Mortality"
"CR3"	3.3	11.8337	11.2425	12.4249	9.46696	14.20044	"Mortality"
"CR3"	3.4	11.7291	11.0829	12.3752	9.38328	14.07492	"Mortality"
"CR3"	3.5	11.6096	10.9147	12.3046	9.28768	13.93152	"Mortality"
"CR3"	3.6	11.4765	10.7381	12.2149	9.1812	13.7718	"Mortality"
"CR3"	3.7	11.3308	10.5535	12.1081	9.06464	13.59696	"Mortality"
"CR3"	3.8	11.1738	10.3615	11.9862	8.93904	13.40856	"Mortality"
"CR3"	3.9	11.0066	10.1623	11.8509	8.80528	13.20792	"Mortality"
"CR3"	4	10.8303	9.9564	11.7042	8.66424	12.99636	"Mortality"
"CR3"	4.1	10.6459	9.744	11.5477	8.51672	12.77508	"Mortality"
"CR3"	4.2	10.4544	9.5257	11.383	8.36352	12.54528	"Mortality"
"CR3"	4.3	10.2568	9.302	11.2115	8.20544	12.30816	"Mortality"
"CR3"	4.4	10.054	9.0733	11.0346	8.0432	12.0648	"Mortality"
"CR3"	4.5	9.8468	8.8401	10.8535	7.87744	11.81616	"Mortality"
"CR3"	4.6	9.6361	8.6032	10.6691	7.70888	11.56332	"Mortality"
"CR3"	4.7	9.4227	8.363	10.4824	7.53816	11.30724	"Mortality"
"CR3"	4.8	9.2072	8.1203	10.2941	7.36576	11.04864	"Mortality"
"CR3"	4.9	8.9903	7.8758	10.1049	7.19224	10.78836	"Mortality"
"CR3"	5	8.7727	7.6302	9.9153	7.01816	10.52724	"Mortality"
"CR4"	0	3.7747	3.01976	4.52964	3.01976	4.52964	"Mortality"
"CR4"	0.1	4.2174	3.37392	5.06088	3.37392	5.06088	"Mortality"
"CR4"	0.2	4.6868	3.74944	5.62416	3.74944	5.62416	"Mortality"
"CR4"	0.3	5.1815	4.1452	6.2178	4.1452	6.2178	"Mortality"
"CR4"	0.4	5.6997	4.55976	6.83964	4.55976	6.83964	"Mortality"
"CR4"	0.5	6.2391	4.99128	7.48692	4.99128	7.48692	"Mortality"
"CR4"	0.6	6.7973	5.43784	8.15676	5.43784	8.15676	"Mortality"
"CR4"	0.7	7.3716	5.89728	8.84592	5.89728	8.84592	"Mortality"
"CR4"	0.8	7.9589	6.36712	9.55068	6.36712	9.55068	"Mortality"
"CR4"	0.9	8.5561	6.84488	10.26732	6.84488	10.26732	"Mortality"
"CR4"	1	9.1596	7.32768	10.99152	7.32768	10.99152	"Mortality"
"CR4"	1.1	9.7659	7.81272	11.71908	7.81272	11.71908	"Mortality"
"CR4"	1.2	10.3716	8.29728	12.44592	8.29728	12.44592	"Mortality"
"CR4"	1.3	10.9729	8.77832	13.16748	8.77832	13.16748	"Mortality"
"CR4"	1.4	11.5661	9.25288	13.87932	9.25288	13.87932	"Mortality"
"CR4"	1.5	12.1479	9.71832	14.57748	9.71832	14.57748	"Mortality"
"CR4"	1.6	12.7146	10.17168	15.25752	10.17168	15.25752	"Mortality"
"CR4"	1.7	13.2629	10.61032	15.91548	10.61032	15.91548	"Mortality"
"CR4"	1.8	13.7898	11.03184	16.54776	11.03184	16.54776	"Mortality"
"CR4"	1.9	14.2922	11.43376	17.15064	11.43376	17.15064	"Mortality"
"CR4"	2	14.7674	11.81392	17.72088	11.81392	17.72088	"Mortality"
"CR4"	2.1	15.2131	12.17048	18.25572	12.17048	18.25572	"Mortality"
"CR4"	2.2	15.627	12.5016	18.7524	12.5016	18.7524	"Mortality"
"CR4"	2.3	16.0072	12.8301	19.1844	12.80576	19.20864	"Mortality"
"CR4"	2.4	16.3523	13.5636	19.1409	13.08184	19.62276	"Mortality"
"CR4"	2.5	16.6608	14.2641	19.0574	13.32864	19.99296	"Mortality"
"CR4"	2.6	16.9318	14.9265	18.9371	13.54544	20.31816	"Mortality"
"CR4"	2.7	17.1647	15.5452	18.7842	13.73176	20.59764	"Mortality"
"CR4"	2.8	17.359	16.1128	18.6053	13.8872	20.8308	"Mortality"
"CR4"	2.9	17.5148	16.6163	18.4132	14.01184	21.01776	"Mortality"
"CR4"	3	17.632	17.0224	18.2416	14.1056	21.1584	"Mortality"
"CR4"	3.1	17.7113	17.2357	18.1869	14.16904	21.25356	"Mortality"
"CR4"	3.2	17.7532	17.1657	18.3406	14.20256	21.30384	"Mortality"
"CR4"	3.3	17.7586	16.923	18.5941	14.20688	21.31032	"Mortality"
"CR4"	3.4	17.7285	16.6095	18.8476	14.1828	21.2742	"Mortality"
"CR4"	3.5	17.6644	16.2597	19.069	14.13152	21.19728	"Mortality"
"CR4"	3.6	17.5674	15.8866	19.2483	14.05392	21.08088	"Mortality"
"CR4"	3.7	17.4393	15.4964	19.3821	13.95144	20.92716	"Mortality"
"CR4"	3.8	17.2816	15.0933	19.4698	13.82528	20.73792	"Mortality"
"CR4"	3.9	17.096	14.6802	19.5118	13.6768	20.5152	"Mortality"
"CR4"	4	16.8844	14.2596	19.5092	13.50752	20.26128	"Mortality"
"CR4"	4.1	16.6486	13.8337	19.4636	13.31888	19.97832	"Mortality"
"CR4"	4.2	16.3906	13.4042	19.3769	13.11248	19.66872	"Mortality"
"CR4"	4.3	16.1122	12.9729	19.2514	12.88976	19.33464	"Mortality"
"CR4"	4.4	15.8153	12.65224	18.97836	12.65224	18.97836	"Mortality"
"CR4"	4.5	15.5018	12.40144	18.60216	12.40144	18.60216	"Mortality"
"CR4"	4.6	15.1736	12.13888	18.20832	12.13888	18.20832	"Mortality"
"CR4"	4.7	14.8325	11.866	17.799	11.866	17.799	"Mortality"
"CR4"	4.8	14.4803	11.58424	17.37636	11.58424	17.37636	"Mortality"
"CR4"	4.9	14.1188	11.29504	16.94256	11.29504	16.94256	"Mortality"
"CR4"	5	13.7495	10.9996	16.4994	10.9996	16.4994	"Mortality"
"CR5"	0	3.9409	3.15272	4.72908	3.15272	4.72908	"Logistic"
"CR5"	0.1	4.2968	3.43744	5.15616	3.43744	5.15616	"Logistic"
"CR5"	0.2	4.6753	3.74024	5.61036	3.74024	5.61036	"Logistic"
"CR5"	0.3	5.0764	4.06112	6.09168	4.06112	6.09168	"Logistic"
"CR5"	0.4	5.4994	4.39952	6.59928	4.39952	6.59928	"Logistic"
"CR5"	0.5	5.9434	4.75472	7.13208	4.75472	7.13208	"Logistic"
"CR5"	0.6	6.4073	5.12584	7.68876	5.12584	7.68876	"Logistic"
"CR5"	0.7	6.8894	5.51152	8.26728	5.51152	8.26728	"Logistic"
"CR5"	0.8	7.3879	5.91032	8.86548	5.91032	8.86548	"Logistic"
"CR5"	0.9	7.9004	6.32032	9.48048	6.32032	9.48048	"Logistic"
"CR5"	1	8.4245	6.7396	10.1094	6.7396	10.1094	"Logistic"
"CR5"	1.1	8.9573	7.2296	10.6849	7.16584	10.74876	"Logistic"
"CR5"	1.2	9.4957	7.7537	11.2378	7.59656	11.39484	"Logistic"
"CR5"	1.3	10.0367	8.2905	11.783	8.02936	12.04404	"Logistic"
"CR5"	1.4	10.5771	8.8368	12.3174	8.46168	12.69252	"Logistic"
"CR5"	1.5	11.1136	9.3893	12.8378	8.89088	13.33632	"Logistic"
"CR5"	1.6	11.6431	9.9445	13.3416	9.31448	13.97172	"Logistic"
"CR5"	1.7	12.1627	10.4989	13.8265	9.73016	14.59524	"Logistic"
"CR5"	1.8	12.6697	11.0489	14.2905	10.13576	15.20364	"Logistic"
"CR5"	1.9	13.1616	11.5912	14.7321	10.52928	15.79392	"Logistic"
"CR5"	2	13.6364	12.1226	15.1502	10.90912	16.36368	"Logistic"
"CR5"	2.1	14.0922	12.6401	15.5442	11.27376	16.91064	"Logistic"
"CR5"	2.2	14.5276	13.1413	15.9139	11.62208	17.43312	"Logistic"
"CR5"	2.3	14.9415	13.6239	16.2591	11.9532	17.9298	"Logistic"
"CR5"	2.4	15.3333	14.0862	16.5803	12.26664	18.39996	"Logistic"
"CR5"	2.5	15.7024	14.5267	16.8781	12.56192	18.84288	"Logistic"
"CR5"	2.6	16.0488	14.9444	17.1532	12.83904	19.25856	"Logistic"
"CR5"	2.7	16.3727	15.3388	17.4067	13.09816	19.5903	"Logistic"
"CR5"	2.8	16.6745	15.7094	17.6395	13.4584	19.6761	"Logistic"
"CR5"	2.9	16.9547	16.0565	17.8529	13.9548	19.7473	"Logistic"
"CR5"	3	17.214	16.3801	18.0479	14.4234	19.8059	"Logistic"
"CR5"	3.1	17.4534	16.681	18.2259	14.8637	19.8538	"Logistic"
"CR5"	3.2	17.6738	16.9597	18.388	15.2759	19.8925	"Logistic"
"CR5"	3.3	17.8762	17.2171	18.5354	15.66	19.9236	"Logistic"
"CR5"	3.4	18.0617	17.4542	18.6692	16.0168	19.9484	"Logistic"
"CR5"	3.5	18.2313	17.6721	18.7905	16.3471	19.9679	"Logistic"
"CR5"	3.6	18.3861	17.8718	18.9004	16.652	19.9831	"Logistic"
"CR5"	3.7	18.5272	18.0545	18.9998	16.9325	19.9948	"Logistic"
"CR5"	3.8	18.6555	18.2213	19.0897	17.1901	20.0037	"Logistic"
"CR5"	3.9	18.7721	18.3733	19.1709	17.4259	20.0104	"Logistic"
"CR5"	4	18.8779	18.5116	19.2442	17.6415	20.0153	"Logistic"
"CR5"	4.1	18.9738	18.6372	19.3103	17.838	20.0189	"Logistic"
"CR5"	4.2	19.0606	18.7511	19.37	18.017	20.0214	"Logistic"
"CR5"	4.3	19.1391	18.8544	19.4237	18.1796	20.0231	"Logistic"
"CR5"	4.4	19.21	18.9479	19.4722	18.3271	20.0242	"Logistic"
"CR5"	4.5	19.2741	19.0324	19.5158	18.4608	20.0249	"Logistic"
"CR5"	4.6	19.3319	19.1087	19.5551	18.5817	20.0254	"Logistic"
"CR5"	4.7	19.384	19.1775	19.5905	18.691	20.0256	"Logistic"
"CR5"	4.8	19.431	19.2396	19.6224	18.7896	20.0258	"Logistic"
"CR5"	4.9	19.4733	19.2955	19.6511	18.8786	20.026	"Logistic"
"CR5"	5	19.5114	19.3459	19.677	18.9586	20.0262	"Logistic"
"CR6"	0	3.992	3.1936	4.7904	3.1936	4.7904	"Logistic"
"CR6"	0.1	4.3435	3.4748	5.2122	3.4748	5.2122	"Logistic"
"CR6"	0.2	4.7203	3.77624	5.66436	3.77624	5.66436	"Logistic"
"CR6"	0.3	5.1232	4.09856	6.14784	4.09856	6.14784	"Logistic"
"CR6"	0.4	5.5529	4.44232	6.66348	4.44232	6.66348	"Logistic"
"CR6"	0.5	6.0098	4.80784	7.21176	4.80784	7.21176	"Logistic"
"CR6"	0.6	6.4942	5.19536	7.79304	5.19536	7.79304	"Logistic"
"CR6"	0.7	7.0061	5.60488	8.40732	5.60488	8.40732	"Logistic"
"CR6"	0.8	7.5454	6.03632	9.05448	6.03632	9.05448	"Logistic"
"CR6"	0.9	8.1113	6.48904	9.73356	6.48904	9.73356	"Logistic"
"CR6"	1	8.7031	6.96248	10.44372	6.96248	10.44372	"Logistic"
"CR6"	1.1	9.3194	7.45552	11.18328	7.45552	11.18328	"Logistic"
"CR6"	1.2	9.9588	7.96704	11.95056	7.96704	11.95056	"Logistic"
"CR6"	1.3	10.6193	8.49544	12.74316	8.49544	12.74316	"Logistic"
"CR6"	1.4	11.2985	9.0388	13.5582	9.0388	13.5582	"Logistic"
"CR6"	1.5	11.9941	9.59528	14.39292	9.59528	14.39292	"Logistic"
"CR6"	1.6	12.703	10.1624	15.2436	10.1624	15.2436	"Logistic"
"CR6"	1.7	13.4221	10.73768	16.10652	10.73768	16.10652	"Logistic"
"CR6"	1.8	14.1482	11.31856	16.97784	11.31856	16.97784	"Logistic"
"CR6"	1.9	14.8779	11.90232	17.85348	11.90232	17.85348	"Logistic"
"CR6"	2	15.6076	12.48608	18.72912	12.48608	18.72912	"Logistic"
"CR6"	2.1	16.3338	13.06704	19.60056	13.06704	19.60056	"Logistic"
"CR6"	2.2	17.0531	13.64248	20.46372	13.64248	20.46372	"Logistic"
"CR6"	2.3	17.7622	14.20976	21.31464	14.20976	21.31464	"Logistic"
"CR6"	2.4	18.458	14.7664	22.1496	14.7664	22.1496	"Logistic"
"CR6"	2.5	19.1377	15.31016	22.96524	15.31016	22.96524	"Logistic"
"CR6"	2.6	19.7985	15.8388	23.7582	15.8388	23.7582	"Logistic"
"CR6"	2.7	20.4383	16.35064	24.52596	16.35064	24.52596	"Logistic"
"CR6"	2.8	21.0551	16.9824	25.1279	16.84408	25.26612	"Logistic"
"CR6"	2.9	21.6474	17.7413	25.5536	17.31792	25.97688	"Logistic"
"CR6"	3	22.2139	18.4815	25.9462	17.77112	26.65668	"Logistic"
"CR6"	3.1	22.7536	19.1999	26.3073	18.20288	27.30432	"Logistic"
"CR6"	3.2	23.2661	19.8939	26.6383	18.61288	27.91932	"Logistic"
"CR6"	3.3	23.751	20.5611	26.9409	19.0008	28.5012	"Logistic"
"CR6"	3.4	24.2085	21.2	27.2169	19.3668	29.0502	"Logistic"
"CR6"	3.5	24.6387	21.8092	27.4681	19.71096	29.56644	"Logistic"
"CR6"	3.6	25.0421	22.3878	27.6963	20.03368	30.05052	"Logistic"
"CR6"	3.7	25.4194	22.9355	27.9032	20.33552	30.50328	"Logistic"
"CR6"	3.8	25.7713	23.452	28.0907	20.61704	30.92556	"Logistic"
"CR6"	3.9	26.099	23.9377	28.2603	20.8792	31.3188	"Logistic"
"CR6"	4	26.4033	24.393	28.4136	21.12264	31.68396	"Logistic"
"CR6"	4.1	26.6853	24.8186	28.552	21.34824	32.02236	"Logistic"
"CR6"	4.2	26.9463	25.2155	28.677	21.55704	32.33556	"Logistic"
"CR6"	4.3	27.1873	25.5847	28.7898	21.74984	32.202	"Logistic"
"CR6"	4.4	27.4095	25.9274	28.8916	21.9954	32.0503	"Logistic"
"CR6"	4.5	27.6141	26.2449	28.9834	22.6009	31.9042	"Logistic"
"CR6"	4.6	27.8023	26.5384	29.0662	23.1659	31.7642	"Logistic"
"CR6"	4.7	27.9751	26.8093	29.1409	23.6918	31.6311	"Logistic"
"CR6"	4.8	28.1336	27.059	29.2083	24.1801	31.5049	"Logistic"
"CR6"	4.9	28.2789	27.2888	29.2691	24.6327	31.386	"Logistic"
"CR6"	5	28.4119	27.4999	29.3239	25.0512	31.2743	"Logistic"
