"Strain"	"IDensP"	"IngesP"	"IngesPLSD"	"IngesPUSD"
"CR1"	0.1	0.0021	0.00168	0.00252
"CR1"	0.2	0.0041	0.00328	0.00492
"CR1"	0.3	0.0061	0.00488	0.00732
"CR1"	0.4	0.008	0.0064	0.0096
"CR1"	0.5	0.0099	0.00792	0.01188
"CR1"	0.6	0.0117	0.00936	0.01404
"CR1"	0.7	0.0134	0.01072	0.01608
"CR1"	0.8	0.0152	0.01216	0.01824
"CR1"	0.9	0.0169	0.01352	0.02028
"CR1"	1	0.0185	0.0148	0.0222
"CR1"	1.1	0.0201	0.01608	0.02412
"CR1"	1.2	0.0216	0.01728	0.02592
"CR1"	1.3	0.0232	0.01856	0.02784
"CR1"	1.4	0.0246	0.01968	0.02952
"CR1"	1.5	0.026	0.0208	0.0312
"CR1"	1.6	0.0275	0.022	0.033
"CR1"	1.7	0.0289	0.02312	0.03468
"CR1"	1.8	0.0302	0.02416	0.03624
"CR1"	1.9	0.0315	0.0252	0.0378
"CR1"	2	0.0328	0.02624	0.03936
"CR1"	2.1	0.034	0.0272	0.0408
"CR1"	2.2	0.0352	0.02816	0.04224
"CR1"	2.3	0.0364	0.02912	0.04368
"CR1"	2.4	0.0376	0.03008	0.04512
"CR1"	2.5	0.0388	0.03104	0.04656
"CR1"	2.6	0.0398	0.03184	0.04776
"CR1"	2.7	0.041	0.0328	0.0492
"CR1"	2.8	0.042	0.0336	0.0504
"CR1"	2.9	0.0431	0.03448	0.05172
"CR1"	3	0.0441	0.03528	0.05292
"CR1"	3.1	0.0451	0.03608	0.05412
"CR1"	3.2	0.0461	0.03688	0.05532
"CR1"	3.3	0.047	0.0376	0.0564
"CR1"	3.4	0.048	0.0384	0.0576
"CR1"	3.5	0.0489	0.03912	0.05868
"CR1"	3.6	0.0498	0.03984	0.05976
"CR1"	3.7	0.0507	0.04056	0.06084
"CR1"	3.8	0.0516	0.04128	0.06192
"CR1"	3.9	0.0525	0.042	0.063
"CR1"	4	0.0533	0.04264	0.06396
"CR1"	4.1	0.0541	0.04328	0.06492
"CR1"	4.2	0.055	0.044	0.066
"CR1"	4.3	0.0557	0.04456	0.06684
"CR1"	4.4	0.0565	0.0452	0.0678
"CR1"	4.5	0.0573	0.04584	0.06876
"CR1"	4.6	0.058	0.0464	0.0696
"CR1"	4.7	0.0588	0.04704	0.07056
"CR1"	4.8	0.0595	0.0476	0.0714
"CR1"	4.9	0.0602	0.04816	0.07224
"CR1"	5	0.0609	0.04872	0.07308
"CR1"	5.1	0.0616	0.04928	0.07392
"CR1"	5.2	0.0623	0.04984	0.07476
"CR1"	5.3	0.063	0.0504	0.0756
"CR1"	5.4	0.0636	0.05088	0.07632
"CR1"	5.5	0.0643	0.05144	0.07716
"CR1"	5.6	0.0649	0.05192	0.07788
"CR1"	5.7	0.0655	0.0524	0.0786
"CR1"	5.8	0.0661	0.05288	0.07932
"CR1"	5.9	0.0667	0.05336	0.08004
"CR1"	6	0.0673	0.05384	0.08076
"CR1"	6.1	0.0679	0.05432	0.08148
"CR1"	6.2	0.0685	0.0548	0.0822
"CR1"	6.3	0.069	0.0552	0.0828
"CR1"	6.4	0.0696	0.05568	0.08352
"CR1"	6.5	0.0701	0.05608	0.08412
"CR1"	6.6	0.0707	0.05656	0.08484
"CR1"	6.7	0.0712	0.05696	0.08544
"CR1"	6.8	0.0717	0.05736	0.08604
"CR1"	6.9	0.0722	0.05776	0.08664
"CR1"	7	0.0727	0.05816	0.08724
"CR1"	7.1	0.0732	0.05856	0.08784
"CR1"	7.2	0.0737	0.05896	0.08844
"CR1"	7.3	0.0742	0.05936	0.08904
"CR1"	7.4	0.0747	0.05976	0.08964
"CR1"	7.5	0.0752	0.06016	0.09024
"CR1"	7.6	0.0756	0.06048	0.09072
"CR1"	7.7	0.0761	0.06088	0.09132
"CR1"	7.8	0.0766	0.06128	0.09192
"CR1"	7.9	0.077	0.0616	0.0924
"CR1"	8	0.0775	0.062	0.093
"CR1"	8.1	0.0779	0.06232	0.09348
"CR1"	8.2	0.0783	0.06264	0.09396
"CR1"	8.3	0.0787	0.06296	0.09444
"CR1"	8.4	0.0791	0.06328	0.09492
"CR1"	8.5	0.0795	0.0636	0.0954
"CR1"	8.6	0.0799	0.06392	0.09588
"CR1"	8.7	0.0804	0.06432	0.09648
"CR1"	8.8	0.0808	0.06464	0.09696
"CR1"	8.9	0.0812	0.06496	0.09744
"CR1"	9	0.0815	0.0652	0.0978
"CR1"	9.1	0.0819	0.06552	0.09828
"CR1"	9.2	0.0823	0.06584	0.09876
"CR1"	9.3	0.0826	0.06608	0.09912
"CR1"	9.4	0.083	0.0664	0.0996
"CR1"	9.5	0.0834	0.06672	0.10008
"CR1"	9.6	0.0837	0.06696	0.10044
"CR1"	9.7	0.0841	0.06728	0.10092
"CR1"	9.8	0.0844	0.06752	0.10128
"CR1"	9.9	0.0848	0.06784	0.10176
"CR1"	10	0.0851	0.06808	0.10212
"CR1"	10.1	0.0854	0.06832	0.10248
"CR1"	10.2	0.0858	0.06864	0.10296
"CR1"	10.3	0.0861	0.06888	0.10332
"CR1"	10.4	0.0864	0.06912	0.10368
"CR1"	10.5	0.0867	0.06936	0.10404
"CR1"	10.6	0.0871	0.06968	0.10452
"CR1"	10.7	0.0874	0.06992	0.10488
"CR1"	10.8	0.0877	0.07016	0.10524
"CR1"	10.9	0.088	0.0704	0.1056
"CR1"	11	0.0883	0.07064	0.10596
"CR1"	11.1	0.0886	0.07088	0.10632
"CR1"	11.2	0.0889	0.07112	0.10668
"CR1"	11.3	0.0892	0.07136	0.10704
"CR1"	11.4	0.0895	0.0716	0.1074
"CR1"	11.5	0.0897	0.07176	0.10764
"CR1"	11.6	0.09	0.072	0.108
"CR1"	11.7	0.0903	0.07224	0.10836
"CR1"	11.8	0.0906	0.07248	0.10872
"CR1"	11.9	0.0908	0.07264	0.10896
"CR1"	12	0.0911	0.07288	0.10932
"CR1"	12.1	0.0914	0.07312	0.10968
"CR1"	12.2	0.0916	0.07328	0.10992
"CR1"	12.3	0.0919	0.07352	0.11028
"CR1"	12.4	0.0921	0.07368	0.11052
"CR1"	12.5	0.0924	0.07392	0.11088
"CR1"	12.6	0.0927	0.07416	0.11124
"CR1"	12.7	0.0929	0.07432	0.11148
"CR1"	12.8	0.0931	0.07448	0.11172
"CR1"	12.9	0.0934	0.07472	0.11208
"CR1"	13	0.0936	0.07488	0.11232
"CR1"	13.1	0.0939	0.07512	0.11268
"CR1"	13.2	0.0941	0.07528	0.11292
"CR1"	13.3	0.0944	0.07552	0.11328
"CR1"	13.4	0.0946	0.07568	0.11352
"CR1"	13.5	0.0948	0.07584	0.11376
"CR1"	13.6	0.095	0.076	0.114
"CR1"	13.7	0.0953	0.07624	0.11436
"CR1"	13.8	0.0955	0.0764	0.1146
"CR1"	13.9	0.0957	0.07656	0.11484
"CR1"	14	0.0959	0.07672	0.11508
"CR1"	14.1	0.0962	0.07696	0.11544
"CR1"	14.2	0.0964	0.07712	0.11568
"CR1"	14.3	0.0966	0.07728	0.11592
"CR1"	14.4	0.0968	0.07744	0.11616
"CR1"	14.5	0.097	0.0776	0.1164
"CR1"	14.6	0.0972	0.07776	0.11664
"CR1"	14.7	0.0974	0.07792	0.11688
"CR1"	14.8	0.0976	0.07808	0.11712
"CR1"	14.9	0.0978	0.07824	0.11736
"CR1"	15	0.098	0.0784	0.1176
"CR2"	0.1	0.005	0.004	0.006
"CR2"	0.2	0.0097	0.00776	0.01164
"CR2"	0.3	0.0142	0.01136	0.01704
"CR2"	0.4	0.0184	0.01472	0.02208
"CR2"	0.5	0.0223	0.01784	0.02676
"CR2"	0.6	0.0261	0.02088	0.03132
"CR2"	0.7	0.0297	0.02376	0.03564
"CR2"	0.8	0.0331	0.02648	0.03972
"CR2"	0.9	0.0363	0.02904	0.04356
"CR2"	1	0.0393	0.03144	0.04716
"CR2"	1.1	0.0422	0.03376	0.05064
"CR2"	1.2	0.045	0.036	0.054
"CR2"	1.3	0.0476	0.03808	0.05712
"CR2"	1.4	0.0502	0.04016	0.06024
"CR2"	1.5	0.0526	0.04208	0.06312
"CR2"	1.6	0.0549	0.04392	0.06588
"CR2"	1.7	0.057	0.0456	0.0684
"CR2"	1.8	0.0592	0.04736	0.07104
"CR2"	1.9	0.0612	0.04896	0.07344
"CR2"	2	0.0631	0.05048	0.07572
"CR2"	2.1	0.0649	0.05192	0.07788
"CR2"	2.2	0.0667	0.05336	0.08004
"CR2"	2.3	0.0684	0.05472	0.08208
"CR2"	2.4	0.0701	0.05608	0.08412
"CR2"	2.5	0.0717	0.05736	0.08604
"CR2"	2.6	0.0732	0.05856	0.08784
"CR2"	2.7	0.0747	0.05976	0.08964
"CR2"	2.8	0.0761	0.06088	0.09132
"CR2"	2.9	0.0775	0.062	0.093
"CR2"	3	0.0788	0.06304	0.09456
"CR2"	3.1	0.08	0.064	0.096
"CR2"	3.2	0.0813	0.06504	0.09756
"CR2"	3.3	0.0825	0.066	0.099
"CR2"	3.4	0.0836	0.06688	0.10032
"CR2"	3.5	0.0848	0.06784	0.10176
"CR2"	3.6	0.0858	0.06864	0.10296
"CR2"	3.7	0.0869	0.06952	0.10428
"CR2"	3.8	0.0879	0.07032	0.10548
"CR2"	3.9	0.0889	0.07112	0.10668
"CR2"	4	0.0898	0.07184	0.10776
"CR2"	4.1	0.0907	0.07256	0.10884
"CR2"	4.2	0.0916	0.07328	0.10992
"CR2"	4.3	0.0925	0.074	0.111
"CR2"	4.4	0.0934	0.07472	0.11208
"CR2"	4.5	0.0942	0.07536	0.11304
"CR2"	4.6	0.095	0.076	0.114
"CR2"	4.7	0.0958	0.07664	0.11496
"CR2"	4.8	0.0965	0.0772	0.1158
"CR2"	4.9	0.0973	0.07784	0.11676
"CR2"	5	0.098	0.0784	0.1176
"CR2"	5.1	0.0987	0.07896	0.11844
"CR2"	5.2	0.0994	0.07952	0.11928
"CR2"	5.3	0.1	0.08	0.12
"CR2"	5.4	0.1007	0.08056	0.12084
"CR2"	5.5	0.1013	0.08104	0.12156
"CR2"	5.6	0.102	0.0816	0.1224
"CR2"	5.7	0.1026	0.08208	0.12312
"CR2"	5.8	0.1032	0.08256	0.12384
"CR2"	5.9	0.1037	0.08296	0.12444
"CR2"	6	0.1043	0.08344	0.12516
"CR2"	6.1	0.1048	0.08384	0.12576
"CR2"	6.2	0.1054	0.08432	0.12648
"CR2"	6.3	0.1059	0.08472	0.12708
"CR2"	6.4	0.1064	0.08512	0.12768
"CR2"	6.5	0.1069	0.08552	0.12828
"CR2"	6.6	0.1074	0.08592	0.12888
"CR2"	6.7	0.1079	0.08632	0.12948
"CR2"	6.8	0.1084	0.08672	0.13008
"CR2"	6.9	0.1088	0.08704	0.13056
"CR2"	7	0.1092	0.08736	0.13104
"CR2"	7.1	0.1097	0.08776	0.13164
"CR2"	7.2	0.1101	0.08808	0.13212
"CR2"	7.3	0.1105	0.0884	0.1326
"CR2"	7.4	0.1109	0.08872	0.13308
"CR2"	7.5	0.1114	0.08912	0.13368
"CR2"	7.6	0.1118	0.08944	0.13416
"CR2"	7.7	0.1122	0.08976	0.13464
"CR2"	7.8	0.1125	0.09	0.135
"CR2"	7.9	0.1129	0.09032	0.13548
"CR2"	8	0.1133	0.09064	0.13596
"CR2"	8.1	0.1136	0.09088	0.13632
"CR2"	8.2	0.114	0.0912	0.1368
"CR2"	8.3	0.1143	0.09144	0.13716
"CR2"	8.4	0.1147	0.09176	0.13764
"CR2"	8.5	0.115	0.092	0.138
"CR2"	8.6	0.1153	0.09224	0.13836
"CR2"	8.7	0.1157	0.09256	0.13884
"CR2"	8.8	0.116	0.0928	0.1392
"CR2"	8.9	0.1163	0.09304	0.13956
"CR2"	9	0.1166	0.09328	0.13992
"CR2"	9.1	0.1169	0.09352	0.14028
"CR2"	9.2	0.1172	0.09376	0.14064
"CR2"	9.3	0.1175	0.094	0.141
"CR2"	9.4	0.1178	0.09424	0.14136
"CR2"	9.5	0.1181	0.09448	0.14172
"CR2"	9.6	0.1183	0.09464	0.14196
"CR2"	9.7	0.1186	0.09488	0.14232
"CR2"	9.8	0.1189	0.09512	0.14268
"CR2"	9.9	0.1192	0.09536	0.14304
"CR2"	10	0.1194	0.09552	0.14328
"CR2"	10.1	0.1197	0.09576	0.14364
"CR2"	10.2	0.1199	0.09592	0.14388
"CR2"	10.3	0.1202	0.09616	0.14424
"CR2"	10.4	0.1204	0.09632	0.14448
"CR2"	10.5	0.1206	0.09648	0.14472
"CR2"	10.6	0.1209	0.09672	0.14508
"CR2"	10.7	0.1211	0.09688	0.14532
"CR2"	10.8	0.1214	0.09712	0.14568
"CR2"	10.9	0.1216	0.09728	0.14592
"CR2"	11	0.1218	0.09744	0.14616
"CR2"	11.1	0.122	0.0976	0.1464
"CR2"	11.2	0.1222	0.09776	0.14664
"CR2"	11.3	0.1225	0.098	0.147
"CR2"	11.4	0.1227	0.09816	0.14724
"CR2"	11.5	0.1229	0.09832	0.14748
"CR2"	11.6	0.1231	0.09848	0.14772
"CR2"	11.7	0.1233	0.09864	0.14796
"CR2"	11.8	0.1235	0.0988	0.1482
"CR2"	11.9	0.1237	0.09896	0.14844
"CR2"	12	0.1239	0.09912	0.14868
"CR2"	12.1	0.124	0.0992	0.1488
"CR2"	12.2	0.1242	0.09936	0.14904
"CR2"	12.3	0.1244	0.09952	0.14928
"CR2"	12.4	0.1246	0.09968	0.14952
"CR2"	12.5	0.1248	0.09984	0.14976
"CR2"	12.6	0.125	0.1	0.15
"CR2"	12.7	0.1252	0.10016	0.15024
"CR2"	12.8	0.1253	0.10024	0.15036
"CR2"	12.9	0.1255	0.1004	0.1506
"CR2"	13	0.1257	0.10056	0.15084
"CR2"	13.1	0.1258	0.10064	0.15096
"CR2"	13.2	0.126	0.1008	0.1512
"CR2"	13.3	0.1262	0.10096	0.15144
"CR2"	13.4	0.1263	0.10104	0.15156
"CR2"	13.5	0.1265	0.1012	0.1518
"CR2"	13.6	0.1266	0.10128	0.15192
"CR2"	13.7	0.1268	0.10144	0.15216
"CR2"	13.8	0.1269	0.10152	0.15228
"CR2"	13.9	0.1271	0.10168	0.15252
"CR2"	14	0.1272	0.10176	0.15264
"CR2"	14.1	0.1274	0.10192	0.15288
"CR2"	14.2	0.1275	0.102	0.153
"CR2"	14.3	0.1277	0.10216	0.15324
"CR2"	14.4	0.1278	0.10224	0.15336
"CR2"	14.5	0.128	0.1024	0.1536
"CR2"	14.6	0.1281	0.10248	0.15372
"CR2"	14.7	0.1282	0.10256	0.15384
"CR2"	14.8	0.1284	0.10272	0.15408
"CR2"	14.9	0.1285	0.1028	0.1542
"CR2"	15	0.1286	0.10288	0.15432
"CR3"	0.1	0.0037	0.003	0.00444
"CR3"	0.2	0.0073	0.00584	0.00876
"CR3"	0.3	0.0108	0.00864	0.01296
"CR3"	0.4	0.0142	0.01136	0.01704
"CR3"	0.5	0.0175	0.014	0.021
"CR3"	0.6	0.0207	0.01656	0.02484
"CR3"	0.7	0.0238	0.01904	0.02856
"CR3"	0.8	0.0268	0.02144	0.03216
"CR3"	0.9	0.0297	0.02376	0.03564
"CR3"	1	0.0325	0.026	0.039
"CR3"	1.1	0.0353	0.02824	0.04236
"CR3"	1.2	0.0379	0.03032	0.04548
"CR3"	1.3	0.0405	0.0324	0.0486
"CR3"	1.4	0.043	0.0344	0.0516
"CR3"	1.5	0.0455	0.0364	0.0546
"CR3"	1.6	0.0478	0.03824	0.05736
"CR3"	1.7	0.0502	0.04016	0.06024
"CR3"	1.8	0.0524	0.04192	0.06288
"CR3"	1.9	0.0546	0.04368	0.06552
"CR3"	2	0.0567	0.04536	0.06804
"CR3"	2.1	0.0588	0.04704	0.07056
"CR3"	2.2	0.0608	0.04864	0.07296
"CR3"	2.3	0.0628	0.05024	0.07536
"CR3"	2.4	0.0647	0.05176	0.07764
"CR3"	2.5	0.0666	0.05328	0.07992
"CR3"	2.6	0.0684	0.05472	0.08208
"CR3"	2.7	0.0702	0.05616	0.08424
"CR3"	2.8	0.072	0.0576	0.0864
"CR3"	2.9	0.0736	0.05888	0.08832
"CR3"	3	0.0753	0.06024	0.09036
"CR3"	3.1	0.0769	0.06152	0.09228
"CR3"	3.2	0.0785	0.0628	0.0942
"CR3"	3.3	0.0801	0.06408	0.09612
"CR3"	3.4	0.0816	0.06528	0.09792
"CR3"	3.5	0.083	0.0664	0.0996
"CR3"	3.6	0.0845	0.0676	0.1014
"CR3"	3.7	0.0859	0.06872	0.10308
"CR3"	3.8	0.0873	0.06984	0.10476
"CR3"	3.9	0.0887	0.07096	0.10644
"CR3"	4	0.09	0.072	0.108
"CR3"	4.1	0.0913	0.07304	0.10956
"CR3"	4.2	0.0925	0.074	0.111
"CR3"	4.3	0.0938	0.07504	0.11256
"CR3"	4.4	0.095	0.076	0.114
"CR3"	4.5	0.0962	0.07696	0.11544
"CR3"	4.6	0.0974	0.07792	0.11688
"CR3"	4.7	0.0985	0.0788	0.1182
"CR3"	4.8	0.0997	0.07976	0.11964
"CR3"	4.9	0.1008	0.08064	0.12096
"CR3"	5	0.1018	0.08144	0.12216
"CR3"	5.1	0.1029	0.08232	0.12348
"CR3"	5.2	0.104	0.0832	0.1248
"CR3"	5.3	0.105	0.084	0.126
"CR3"	5.4	0.106	0.0848	0.1272
"CR3"	5.5	0.107	0.0856	0.1284
"CR3"	5.6	0.1079	0.08632	0.12948
"CR3"	5.7	0.1089	0.08712	0.13068
"CR3"	5.8	0.1098	0.08784	0.13176
"CR3"	5.9	0.1107	0.08856	0.13284
"CR3"	6	0.1116	0.08928	0.13392
"CR3"	6.1	0.1125	0.09	0.135
"CR3"	6.2	0.1134	0.09072	0.13608
"CR3"	6.3	0.1142	0.09136	0.13704
"CR3"	6.4	0.115	0.092	0.138
"CR3"	6.5	0.1159	0.09272	0.13908
"CR3"	6.6	0.1167	0.09336	0.14004
"CR3"	6.7	0.1175	0.094	0.141
"CR3"	6.8	0.1182	0.09456	0.14184
"CR3"	6.9	0.119	0.0952	0.1428
"CR3"	7	0.1198	0.09584	0.14376
"CR3"	7.1	0.1205	0.0964	0.1446
"CR3"	7.2	0.1213	0.09704	0.14556
"CR3"	7.3	0.122	0.0976	0.1464
"CR3"	7.4	0.1227	0.09816	0.14724
"CR3"	7.5	0.1234	0.09872	0.14808
"CR3"	7.6	0.1241	0.09928	0.14892
"CR3"	7.7	0.1248	0.09984	0.14976
"CR3"	7.8	0.1254	0.10032	0.15048
"CR3"	7.9	0.1261	0.10088	0.15132
"CR3"	8	0.1267	0.10136	0.15204
"CR3"	8.1	0.1274	0.10192	0.15288
"CR3"	8.2	0.128	0.1024	0.1536
"CR3"	8.3	0.1286	0.10288	0.15432
"CR3"	8.4	0.1292	0.10336	0.15504
"CR3"	8.5	0.1298	0.10384	0.15576
"CR3"	8.6	0.1304	0.10432	0.15648
"CR3"	8.7	0.131	0.1048	0.1572
"CR3"	8.8	0.1316	0.10528	0.15792
"CR3"	8.9	0.1321	0.10568	0.15852
"CR3"	9	0.1327	0.10616	0.15924
"CR3"	9.1	0.1332	0.10656	0.15984
"CR3"	9.2	0.1338	0.10704	0.16056
"CR3"	9.3	0.1343	0.10744	0.16116
"CR3"	9.4	0.1348	0.10784	0.16176
"CR3"	9.5	0.1354	0.10832	0.16248
"CR3"	9.6	0.1359	0.10872	0.16308
"CR3"	9.7	0.1364	0.10912	0.16368
"CR3"	9.8	0.1369	0.10952	0.16428
"CR3"	9.9	0.1374	0.10992	0.16488
"CR3"	10	0.1378	0.11024	0.16536
"CR3"	10.1	0.1384	0.11072	0.16608
"CR3"	10.2	0.1388	0.11104	0.16656
"CR3"	10.3	0.1393	0.11144	0.16716
"CR3"	10.4	0.1398	0.11184	0.16776
"CR3"	10.5	0.1402	0.11216	0.16824
"CR3"	10.6	0.1406	0.11248	0.16872
"CR3"	10.7	0.1411	0.11288	0.16932
"CR3"	10.8	0.1415	0.1132	0.1698
"CR3"	10.9	0.142	0.1136	0.1704
"CR3"	11	0.1424	0.11392	0.17088
"CR3"	11.1	0.1428	0.11424	0.17136
"CR3"	11.2	0.1432	0.11456	0.17184
"CR3"	11.3	0.1436	0.11488	0.17232
"CR3"	11.4	0.1441	0.11528	0.17292
"CR3"	11.5	0.1444	0.11552	0.17328
"CR3"	11.6	0.1448	0.11584	0.17376
"CR3"	11.7	0.1452	0.11616	0.17424
"CR3"	11.8	0.1456	0.11648	0.17472
"CR3"	11.9	0.146	0.1168	0.1752
"CR3"	12	0.1464	0.11712	0.17568
"CR3"	12.1	0.1468	0.11744	0.17616
"CR3"	12.2	0.1471	0.11768	0.17652
"CR3"	12.3	0.1475	0.118	0.177
"CR3"	12.4	0.1479	0.11832	0.17748
"CR3"	12.5	0.1482	0.11856	0.17784
"CR3"	12.6	0.1486	0.11888	0.17832
"CR3"	12.7	0.1489	0.11912	0.17868
"CR3"	12.8	0.1493	0.11944	0.17916
"CR3"	12.9	0.1496	0.11968	0.17952
"CR3"	13	0.15	0.12	0.18
"CR3"	13.1	0.1503	0.12024	0.18036
"CR3"	13.2	0.1506	0.12048	0.18072
"CR3"	13.3	0.151	0.1208	0.1812
"CR3"	13.4	0.1513	0.12104	0.18156
"CR3"	13.5	0.1516	0.12128	0.18192
"CR3"	13.6	0.1519	0.12152	0.18228
"CR3"	13.7	0.1522	0.12176	0.18264
"CR3"	13.8	0.1525	0.122	0.183
"CR3"	13.9	0.1528	0.12224	0.18336
"CR3"	14	0.1531	0.12248	0.18372
"CR3"	14.1	0.1534	0.12272	0.18408
"CR3"	14.2	0.1537	0.12296	0.18444
"CR3"	14.3	0.154	0.1232	0.1848
"CR3"	14.4	0.1543	0.12344	0.18516
"CR3"	14.5	0.1546	0.12368	0.18552
"CR3"	14.6	0.1549	0.12392	0.18588
"CR3"	14.7	0.1552	0.12416	0.18624
"CR3"	14.8	0.1554	0.12432	0.18648
"CR3"	14.9	0.1557	0.12456	0.18684
"CR3"	15	0.156	0.1248	0.1872
"CR4"	0.1	0.0154	0.0144	0.0162
"CR4"	0.2	0.0305	0.0286	0.0322
"CR4"	0.3	0.0455	0.0427	0.0481
"CR4"	0.4	0.0603	0.0565	0.0638
"CR4"	0.5	0.0749	0.0702	0.0793
"CR4"	0.6	0.0893	0.0836	0.0946
"CR4"	0.7	0.1035	0.0969	0.1097
"CR4"	0.8	0.1176	0.1099	0.1247
"CR4"	0.9	0.1314	0.1228	0.1395
"CR4"	1	0.1451	0.1355	0.1541
"CR4"	1.1	0.1586	0.148	0.1685
"CR4"	1.2	0.1718	0.1603	0.1828
"CR4"	1.3	0.185	0.1725	0.1969
"CR4"	1.4	0.1979	0.1844	0.2108
"CR4"	1.5	0.2107	0.1962	0.2245
"CR4"	1.6	0.2233	0.2079	0.2381
"CR4"	1.7	0.2357	0.2193	0.2515
"CR4"	1.8	0.248	0.2306	0.2648
"CR4"	1.9	0.2601	0.2417	0.2778
"CR4"	2	0.272	0.2527	0.2908
"CR4"	2.1	0.2837	0.2634	0.3035
"CR4"	2.2	0.2953	0.2741	0.3161
"CR4"	2.3	0.3068	0.2846	0.3285
"CR4"	2.4	0.318	0.2949	0.3408
"CR4"	2.5	0.3292	0.305	0.3529
"CR4"	2.6	0.3401	0.315	0.3649
"CR4"	2.7	0.3509	0.3249	0.3767
"CR4"	2.8	0.3616	0.3346	0.3883
"CR4"	2.9	0.372	0.3442	0.3998
"CR4"	3	0.3824	0.3536	0.4112
"CR4"	3.1	0.3926	0.3629	0.4224
"CR4"	3.2	0.4027	0.372	0.4334
"CR4"	3.3	0.4126	0.381	0.4444
"CR4"	3.4	0.4224	0.3899	0.4551
"CR4"	3.5	0.432	0.3986	0.4658
"CR4"	3.6	0.4415	0.4072	0.4762
"CR4"	3.7	0.4509	0.4157	0.4866
"CR4"	3.8	0.4601	0.4241	0.4968
"CR4"	3.9	0.4692	0.4323	0.5069
"CR4"	4	0.4782	0.4404	0.5168
"CR4"	4.1	0.4871	0.4484	0.5267
"CR4"	4.2	0.4958	0.4563	0.5364
"CR4"	4.3	0.5044	0.4641	0.5459
"CR4"	4.4	0.5129	0.4717	0.5554
"CR4"	4.5	0.5212	0.4792	0.5647
"CR4"	4.6	0.5295	0.4867	0.5739
"CR4"	4.7	0.5376	0.494	0.583
"CR4"	4.8	0.5456	0.5012	0.5919
"CR4"	4.9	0.5536	0.5083	0.6008
"CR4"	5	0.5614	0.5153	0.6094
"CR4"	5.1	0.569	0.5222	0.6181
"CR4"	5.2	0.5766	0.529	0.6266
"CR4"	5.3	0.5841	0.5357	0.635
"CR4"	5.4	0.5915	0.5423	0.6432
"CR4"	5.5	0.5988	0.5488	0.6514
"CR4"	5.6	0.6059	0.5553	0.6594
"CR4"	5.7	0.613	0.5616	0.6674
"CR4"	5.8	0.62	0.5678	0.6752
"CR4"	5.9	0.6269	0.574	0.683
"CR4"	6	0.6337	0.5801	0.6906
"CR4"	6.1	0.6404	0.586	0.6982
"CR4"	6.2	0.647	0.592	0.7056
"CR4"	6.3	0.6535	0.5978	0.713
"CR4"	6.4	0.6599	0.6035	0.7203
"CR4"	6.5	0.6663	0.6092	0.7274
"CR4"	6.6	0.6725	0.6148	0.7345
"CR4"	6.7	0.6787	0.6203	0.7415
"CR4"	6.8	0.6848	0.6257	0.7484
"CR4"	6.9	0.6908	0.631	0.7552
"CR4"	7	0.6968	0.6364	0.762
"CR4"	7.1	0.7026	0.6416	0.7686
"CR4"	7.2	0.7084	0.6467	0.7752
"CR4"	7.3	0.7141	0.6518	0.7816
"CR4"	7.4	0.7197	0.6568	0.788
"CR4"	7.5	0.7253	0.6617	0.7944
"CR4"	7.6	0.7308	0.6666	0.8006
"CR4"	7.7	0.7362	0.6714	0.8068
"CR4"	7.8	0.7416	0.6762	0.8129
"CR4"	7.9	0.7468	0.6809	0.8189
"CR4"	8	0.752	0.6855	0.8248
"CR4"	8.1	0.7572	0.6901	0.8307
"CR4"	8.2	0.7623	0.6946	0.8365
"CR4"	8.3	0.7673	0.699	0.8422
"CR4"	8.4	0.7722	0.7034	0.8478
"CR4"	8.5	0.7771	0.7078	0.8534
"CR4"	8.6	0.782	0.712	0.859
"CR4"	8.7	0.7867	0.7163	0.8644
"CR4"	8.8	0.7914	0.7205	0.8698
"CR4"	8.9	0.7961	0.7246	0.8751
"CR4"	9	0.8007	0.7287	0.8804
"CR4"	9.1	0.8052	0.7327	0.8856
"CR4"	9.2	0.8097	0.7367	0.8907
"CR4"	9.3	0.8142	0.7406	0.8958
"CR4"	9.4	0.8186	0.7445	0.9008
"CR4"	9.5	0.8229	0.7483	0.9058
"CR4"	9.6	0.8272	0.7521	0.9107
"CR4"	9.7	0.8314	0.7558	0.9155
"CR4"	9.8	0.8356	0.7595	0.9203
"CR4"	9.9	0.8397	0.7632	0.925
"CR4"	10	0.8438	0.7668	0.9297
"CR4"	10.1	0.8478	0.7704	0.9344
"CR4"	10.2	0.8518	0.7739	0.9389
"CR4"	10.3	0.8557	0.7774	0.9434
"CR4"	10.4	0.8596	0.7808	0.9479
"CR4"	10.5	0.8634	0.7842	0.9524
"CR4"	10.6	0.8672	0.7876	0.9567
"CR4"	10.7	0.871	0.7909	0.961
"CR4"	10.8	0.8747	0.7942	0.9653
"CR4"	10.9	0.8784	0.7974	0.9696
"CR4"	11	0.882	0.8006	0.9737
"CR4"	11.1	0.8856	0.8038	0.9779
"CR4"	11.2	0.8892	0.8069	0.982
"CR4"	11.3	0.8927	0.81	0.986
"CR4"	11.4	0.8962	0.8131	0.99
"CR4"	11.5	0.8996	0.8162	0.994
"CR4"	11.6	0.903	0.8192	0.9979
"CR4"	11.7	0.9063	0.8221	1.0017
"CR4"	11.8	0.9096	0.8251	1.0056
"CR4"	11.9	0.913	0.828	1.0094
"CR4"	12	0.9162	0.8308	1.0131
"CR4"	12.1	0.9194	0.8337	1.0169
"CR4"	12.2	0.9226	0.8365	1.0205
"CR4"	12.3	0.9258	0.8393	1.0241
"CR4"	12.4	0.9288	0.842	1.0277
"CR4"	12.5	0.9319	0.8448	1.0313
"CR4"	12.6	0.935	0.8474	1.0348
"CR4"	12.7	0.938	0.8501	1.0383
"CR4"	12.8	0.941	0.8527	1.0417
"CR4"	12.9	0.944	0.8554	1.0452
"CR4"	13	0.9469	0.8579	1.0486
"CR4"	13.1	0.9498	0.8605	1.0519
"CR4"	13.2	0.9526	0.863	1.0552
"CR4"	13.3	0.9554	0.8655	1.0585
"CR4"	13.4	0.9583	0.868	1.0617
"CR4"	13.5	0.961	0.8704	1.065
"CR4"	13.6	0.9638	0.8728	1.0681
"CR4"	13.7	0.9665	0.8752	1.0713
"CR4"	13.8	0.9692	0.8776	1.0744
"CR4"	13.9	0.9719	0.88	1.0775
"CR4"	14	0.9745	0.8823	1.0805
"CR4"	14.1	0.9771	0.8846	1.0836
"CR4"	14.2	0.9797	0.8869	1.0865
"CR4"	14.3	0.9823	0.8892	1.0895
"CR4"	14.4	0.9848	0.8914	1.0925
"CR4"	14.5	0.9873	0.8936	1.0954
"CR4"	14.6	0.9898	0.8958	1.0982
"CR4"	14.7	0.9923	0.898	1.1011
"CR4"	14.8	0.9947	0.9002	1.1039
"CR4"	14.9	0.9972	0.9023	1.1067
"CR4"	15	0.9995	0.9044	1.1095
"CR5"	0.1	0.0128	0.0107	0.0146
"CR5"	0.2	0.0251	0.021	0.0286
"CR5"	0.3	0.0368	0.0308	0.0421
"CR5"	0.4	0.0481	0.0403	0.0551
"CR5"	0.5	0.0589	0.0493	0.0675
"CR5"	0.6	0.0693	0.058	0.0795
"CR5"	0.7	0.0792	0.0663	0.0909
"CR5"	0.8	0.0887	0.0742	0.1019
"CR5"	0.9	0.0977	0.0819	0.1124
"CR5"	1	0.1064	0.0892	0.1225
"CR5"	1.1	0.1148	0.0962	0.1321
"CR5"	1.2	0.1227	0.103	0.1414
"CR5"	1.3	0.1304	0.1095	0.1503
"CR5"	1.4	0.1377	0.1157	0.1588
"CR5"	1.5	0.1447	0.1216	0.167
"CR5"	1.6	0.1515	0.1274	0.1748
"CR5"	1.7	0.158	0.1329	0.1823
"CR5"	1.8	0.1641	0.1382	0.1896
"CR5"	1.9	0.1701	0.1434	0.1965
"CR5"	2	0.1758	0.1483	0.2031
"CR5"	2.1	0.1814	0.153	0.2095
"CR5"	2.2	0.1867	0.1576	0.2156
"CR5"	2.3	0.1918	0.162	0.2215
"CR5"	2.4	0.1966	0.1663	0.2272
"CR5"	2.5	0.2014	0.1704	0.2326
"CR5"	2.6	0.2059	0.1743	0.2379
"CR5"	2.7	0.2103	0.1782	0.243
"CR5"	2.8	0.2145	0.1819	0.2478
"CR5"	2.9	0.2186	0.1854	0.2525
"CR5"	3	0.2225	0.1889	0.257
"CR5"	3.1	0.2263	0.1922	0.2614
"CR5"	3.2	0.23	0.1955	0.2656
"CR5"	3.3	0.2335	0.1986	0.2697
"CR5"	3.4	0.237	0.2016	0.2736
"CR5"	3.5	0.2402	0.2046	0.2774
"CR5"	3.6	0.2434	0.2074	0.281
"CR5"	3.7	0.2465	0.2102	0.2846
"CR5"	3.8	0.2496	0.2129	0.288
"CR5"	3.9	0.2525	0.2155	0.2914
"CR5"	4	0.2553	0.218	0.2946
"CR5"	4.1	0.258	0.2205	0.2977
"CR5"	4.2	0.2607	0.2228	0.3007
"CR5"	4.3	0.2632	0.2252	0.3036
"CR5"	4.4	0.2657	0.2275	0.3064
"CR5"	4.5	0.2682	0.2296	0.3092
"CR5"	4.6	0.2705	0.2318	0.3119
"CR5"	4.7	0.2728	0.2338	0.3144
"CR5"	4.8	0.275	0.2359	0.317
"CR5"	4.9	0.2772	0.2378	0.3194
"CR5"	5	0.2793	0.2397	0.3218
"CR5"	5.1	0.2813	0.2416	0.3241
"CR5"	5.2	0.2833	0.2434	0.3263
"CR5"	5.3	0.2852	0.2452	0.3285
"CR5"	5.4	0.2872	0.247	0.3306
"CR5"	5.5	0.289	0.2487	0.3327
"CR5"	5.6	0.2908	0.2503	0.3348
"CR5"	5.7	0.2925	0.2519	0.3367
"CR5"	5.8	0.2942	0.2535	0.3386
"CR5"	5.9	0.2959	0.255	0.3405
"CR5"	6	0.2975	0.2565	0.3423
"CR5"	6.1	0.2991	0.258	0.3441
"CR5"	6.2	0.3006	0.2594	0.3458
"CR5"	6.3	0.3021	0.2608	0.3475
"CR5"	6.4	0.3036	0.2622	0.3491
"CR5"	6.5	0.305	0.2635	0.3507
"CR5"	6.6	0.3064	0.2648	0.3523
"CR5"	6.7	0.3078	0.2661	0.3538
"CR5"	6.8	0.3092	0.2673	0.3553
"CR5"	6.9	0.3105	0.2686	0.3568
"CR5"	7	0.3118	0.2698	0.3582
"CR5"	7.1	0.313	0.2709	0.3596
"CR5"	7.2	0.3142	0.2721	0.361
"CR5"	7.3	0.3154	0.2732	0.3623
"CR5"	7.4	0.3166	0.2743	0.3636
"CR5"	7.5	0.3178	0.2754	0.3649
"CR5"	7.6	0.3189	0.2764	0.3661
"CR5"	7.7	0.32	0.2775	0.3674
"CR5"	7.8	0.3211	0.2785	0.3686
"CR5"	7.9	0.3222	0.2795	0.3698
"CR5"	8	0.3232	0.2805	0.3709
"CR5"	8.1	0.3242	0.2815	0.372
"CR5"	8.2	0.3252	0.2824	0.3731
"CR5"	8.3	0.3262	0.2833	0.3742
"CR5"	8.4	0.3271	0.2842	0.3753
"CR5"	8.5	0.3281	0.2851	0.3763
"CR5"	8.6	0.329	0.286	0.3774
"CR5"	8.7	0.3299	0.2869	0.3784
"CR5"	8.8	0.3308	0.2877	0.3793
"CR5"	8.9	0.3317	0.2885	0.3803
"CR5"	9	0.3325	0.2894	0.3812
"CR5"	9.1	0.3334	0.2902	0.3822
"CR5"	9.2	0.3342	0.291	0.3831
"CR5"	9.3	0.335	0.2917	0.384
"CR5"	9.4	0.3358	0.2925	0.3849
"CR5"	9.5	0.3366	0.2932	0.3857
"CR5"	9.6	0.3374	0.294	0.3866
"CR5"	9.7	0.3381	0.2947	0.3874
"CR5"	9.8	0.3389	0.2954	0.3882
"CR5"	9.9	0.3396	0.2961	0.389
"CR5"	10	0.3403	0.2968	0.3898
"CR5"	10.1	0.341	0.2975	0.3906
"CR5"	10.2	0.3417	0.2982	0.3913
"CR5"	10.3	0.3424	0.2988	0.3921
"CR5"	10.4	0.3431	0.2994	0.3928
"CR5"	10.5	0.3438	0.3001	0.3936
"CR5"	10.6	0.3444	0.3007	0.3943
"CR5"	10.7	0.345	0.3013	0.395
"CR5"	10.8	0.3457	0.3019	0.3957
"CR5"	10.9	0.3463	0.3025	0.3964
"CR5"	11	0.3469	0.3031	0.397
"CR5"	11.1	0.3475	0.3037	0.3977
"CR5"	11.2	0.3481	0.3043	0.3983
"CR5"	11.3	0.3487	0.3048	0.399
"CR5"	11.4	0.3492	0.3054	0.3996
"CR5"	11.5	0.3498	0.306	0.4002
"CR5"	11.6	0.3504	0.3065	0.4008
"CR5"	11.7	0.3509	0.307	0.4014
"CR5"	11.8	0.3515	0.3075	0.402
"CR5"	11.9	0.352	0.308	0.4026
"CR5"	12	0.3525	0.3086	0.4032
"CR5"	12.1	0.353	0.3091	0.4038
"CR5"	12.2	0.3536	0.3096	0.4043
"CR5"	12.3	0.3541	0.31	0.4048
"CR5"	12.4	0.3546	0.3105	0.4054
"CR5"	12.5	0.355	0.311	0.4059
"CR5"	12.6	0.3555	0.3115	0.4064
"CR5"	12.7	0.356	0.3119	0.407
"CR5"	12.8	0.3565	0.3124	0.4075
"CR5"	12.9	0.357	0.3128	0.408
"CR5"	13	0.3574	0.3133	0.4085
"CR5"	13.1	0.3578	0.3137	0.409
"CR5"	13.2	0.3583	0.3142	0.4094
"CR5"	13.3	0.3588	0.3146	0.4099
"CR5"	13.4	0.3592	0.315	0.4104
"CR5"	13.5	0.3596	0.3154	0.4109
"CR5"	13.6	0.36	0.3158	0.4113
"CR5"	13.7	0.3604	0.3162	0.4118
"CR5"	13.8	0.3608	0.3166	0.4122
"CR5"	13.9	0.3613	0.317	0.4127
"CR5"	14	0.3617	0.3174	0.4131
"CR5"	14.1	0.362	0.3178	0.4135
"CR5"	14.2	0.3624	0.3182	0.414
"CR5"	14.3	0.3628	0.3186	0.4144
"CR5"	14.4	0.3632	0.319	0.4148
"CR5"	14.5	0.3636	0.3193	0.4152
"CR5"	14.6	0.364	0.3197	0.4156
"CR5"	14.7	0.3643	0.32	0.416
"CR5"	14.8	0.3647	0.3204	0.4164
"CR5"	14.9	0.365	0.3208	0.4168
"CR5"	15	0.3654	0.3211	0.4172
"CR6"	0.1	0.0129	0.0108	0.0147
"CR6"	0.2	0.0252	0.0211	0.0288
"CR6"	0.3	0.0369	0.0309	0.0422
"CR6"	0.4	0.0481	0.0402	0.055
"CR6"	0.5	0.0586	0.0491	0.0672
"CR6"	0.6	0.0687	0.0575	0.0789
"CR6"	0.7	0.0782	0.0655	0.0899
"CR6"	0.8	0.0873	0.0732	0.1004
"CR6"	0.9	0.096	0.0804	0.1104
"CR6"	1	0.1042	0.0874	0.1199
"CR6"	1.1	0.112	0.094	0.129
"CR6"	1.2	0.1194	0.1003	0.1376
"CR6"	1.3	0.1265	0.1063	0.1457
"CR6"	1.4	0.1332	0.1121	0.1535
"CR6"	1.5	0.1396	0.1176	0.161
"CR6"	1.6	0.1457	0.1228	0.168
"CR6"	1.7	0.1516	0.1279	0.1747
"CR6"	1.8	0.1572	0.1327	0.1812
"CR6"	1.9	0.1625	0.1373	0.1873
"CR6"	2	0.1676	0.1417	0.1931
"CR6"	2.1	0.1724	0.146	0.1987
"CR6"	2.2	0.1771	0.15	0.204
"CR6"	2.3	0.1815	0.1539	0.2091
"CR6"	2.4	0.1858	0.1577	0.214
"CR6"	2.5	0.1898	0.1613	0.2187
"CR6"	2.6	0.1938	0.1648	0.2231
"CR6"	2.7	0.1975	0.1681	0.2274
"CR6"	2.8	0.2011	0.1713	0.2315
"CR6"	2.9	0.2046	0.1744	0.2355
"CR6"	3	0.2079	0.1774	0.2392
"CR6"	3.1	0.2111	0.1802	0.2429
"CR6"	3.2	0.2142	0.183	0.2464
"CR6"	3.3	0.2172	0.1857	0.2498
"CR6"	3.4	0.22	0.1883	0.253
"CR6"	3.5	0.2228	0.1908	0.2561
"CR6"	3.6	0.2255	0.1932	0.2591
"CR6"	3.7	0.228	0.1956	0.262
"CR6"	3.8	0.2305	0.1978	0.2648
"CR6"	3.9	0.2329	0.2	0.2675
"CR6"	4	0.2352	0.2021	0.2701
"CR6"	4.1	0.2375	0.2042	0.2726
"CR6"	4.2	0.2396	0.2062	0.275
"CR6"	4.3	0.2417	0.2081	0.2774
"CR6"	4.4	0.2438	0.21	0.2796
"CR6"	4.5	0.2457	0.2118	0.2818
"CR6"	4.6	0.2477	0.2135	0.2839
"CR6"	4.7	0.2495	0.2153	0.286
"CR6"	4.8	0.2513	0.2169	0.288
"CR6"	4.9	0.253	0.2186	0.2899
"CR6"	5	0.2547	0.2201	0.2918
"CR6"	5.1	0.2564	0.2217	0.2936
"CR6"	5.2	0.258	0.2231	0.2954
"CR6"	5.3	0.2595	0.2246	0.2971
"CR6"	5.4	0.261	0.226	0.2988
"CR6"	5.5	0.2625	0.2274	0.3004
"CR6"	5.6	0.2639	0.2288	0.302
"CR6"	5.7	0.2653	0.23	0.3035
"CR6"	5.8	0.2666	0.2313	0.305
"CR6"	5.9	0.268	0.2326	0.3064
"CR6"	6	0.2692	0.2338	0.3078
"CR6"	6.1	0.2705	0.235	0.3092
"CR6"	6.2	0.2717	0.2361	0.3106
"CR6"	6.3	0.2729	0.2372	0.3118
"CR6"	6.4	0.274	0.2384	0.3131
"CR6"	6.5	0.2752	0.2394	0.3144
"CR6"	6.6	0.2763	0.2405	0.3156
"CR6"	6.7	0.2774	0.2415	0.3167
"CR6"	6.8	0.2784	0.2425	0.3179
"CR6"	6.9	0.2794	0.2435	0.319
"CR6"	7	0.2804	0.2444	0.3201
"CR6"	7.1	0.2814	0.2454	0.3212
"CR6"	7.2	0.2824	0.2463	0.3222
"CR6"	7.3	0.2833	0.2472	0.3232
"CR6"	7.4	0.2842	0.2481	0.3242
"CR6"	7.5	0.2852	0.2489	0.3252
"CR6"	7.6	0.286	0.2498	0.3262
"CR6"	7.7	0.2869	0.2506	0.3271
"CR6"	7.8	0.2877	0.2514	0.328
"CR6"	7.9	0.2885	0.2522	0.3289
"CR6"	8	0.2894	0.253	0.3298
"CR6"	8.1	0.2902	0.2537	0.3306
"CR6"	8.2	0.2909	0.2545	0.3315
"CR6"	8.3	0.2917	0.2552	0.3323
"CR6"	8.4	0.2924	0.256	0.3331
"CR6"	8.5	0.2932	0.2566	0.3339
"CR6"	8.6	0.2938	0.2574	0.3347
"CR6"	8.7	0.2946	0.258	0.3354
"CR6"	8.8	0.2952	0.2587	0.3362
"CR6"	8.9	0.2959	0.2593	0.3369
"CR6"	9	0.2966	0.26	0.3376
"CR6"	9.1	0.2972	0.2606	0.3383
"CR6"	9.2	0.2978	0.2612	0.339
"CR6"	9.3	0.2985	0.2618	0.3397
"CR6"	9.4	0.2991	0.2624	0.3403
"CR6"	9.5	0.2997	0.263	0.341
"CR6"	9.6	0.3003	0.2636	0.3416
"CR6"	9.7	0.3009	0.2642	0.3422
"CR6"	9.8	0.3014	0.2647	0.3428
"CR6"	9.9	0.302	0.2653	0.3435
"CR6"	10	0.3026	0.2658	0.3441
"CR6"	10.1	0.3031	0.2663	0.3446
"CR6"	10.2	0.3036	0.2668	0.3452
"CR6"	10.3	0.3041	0.2674	0.3458
"CR6"	10.4	0.3046	0.2679	0.3463
"CR6"	10.5	0.3051	0.2684	0.3469
"CR6"	10.6	0.3056	0.2688	0.3474
"CR6"	10.7	0.3061	0.2693	0.3479
"CR6"	10.8	0.3066	0.2698	0.3484
"CR6"	10.9	0.3071	0.2703	0.349
"CR6"	11	0.3076	0.2707	0.3494
"CR6"	11.1	0.308	0.2712	0.35
"CR6"	11.2	0.3085	0.2716	0.3504
"CR6"	11.3	0.3089	0.2721	0.3509
"CR6"	11.4	0.3094	0.2725	0.3514
"CR6"	11.5	0.3098	0.2729	0.3518
"CR6"	11.6	0.3102	0.2734	0.3523
"CR6"	11.7	0.3106	0.2738	0.3527
"CR6"	11.8	0.311	0.2742	0.3532
"CR6"	11.9	0.3114	0.2746	0.3536
"CR6"	12	0.3118	0.275	0.354
"CR6"	12.1	0.3123	0.2754	0.3544
"CR6"	12.2	0.3126	0.2757	0.3549
"CR6"	12.3	0.313	0.2761	0.3553
"CR6"	12.4	0.3134	0.2765	0.3557
"CR6"	12.5	0.3137	0.2768	0.3561
"CR6"	12.6	0.3141	0.2772	0.3565
"CR6"	12.7	0.3145	0.2776	0.3568
"CR6"	12.8	0.3148	0.2779	0.3572
"CR6"	12.9	0.3152	0.2783	0.3576
"CR6"	13	0.3156	0.2786	0.358
"CR6"	13.1	0.3159	0.2789	0.3584
"CR6"	13.2	0.3162	0.2793	0.3587
"CR6"	13.3	0.3166	0.2796	0.359
"CR6"	13.4	0.3169	0.2799	0.3594
"CR6"	13.5	0.3172	0.2802	0.3598
"CR6"	13.6	0.3175	0.2806	0.3601
"CR6"	13.7	0.3178	0.2809	0.3604
"CR6"	13.8	0.3182	0.2812	0.3608
"CR6"	13.9	0.3184	0.2815	0.3611
"CR6"	14	0.3188	0.2818	0.3614
"CR6"	14.1	0.319	0.2821	0.3617
"CR6"	14.2	0.3194	0.2824	0.362
"CR6"	14.3	0.3196	0.2827	0.3624
"CR6"	14.4	0.3199	0.283	0.3626
"CR6"	14.5	0.3202	0.2832	0.363
"CR6"	14.6	0.3205	0.2835	0.3632
"CR6"	14.7	0.3208	0.2838	0.3635
"CR6"	14.8	0.321	0.2841	0.3638
"CR6"	14.9	0.3213	0.2844	0.3641
"CR6"	15	0.3216	0.2846	0.3644
